0.0 574.8624410099718 0.0 0.0 0.0 0.0 860.8496764166745 640.7771370006501 860.8496764166745 0.0 0.0 0.0 0.0 0.0 0.0 0.0 0.0 0.0 0.0 0.0 0.0 0.0 0.0 0.0 0.0 0.0 0.0 0.0 0.0 0.0 0.0 0.0 13092.615322463205
574.8624410099718 0.0 574.8624410099718 0.0 0.0 0.0 0.0 860.8496764166745 640.7771370006501 860.8496764166745 0.0 0.0 0.0 0.0 0.0 0.0 0.0 0.0 0.0 0.0 0.0 0.0 0.0 0.0 0.0 0.0 0.0 0.0 0.0 0.0 0.0 0.0 13216.203640391297
0.0 574.8624410099718 0.0 574.8624410099718 0.0 0.0 0.0 0.0 860.8496764166745 640.7771370006501 860.8496764166745 0.0 0.0 0.0 0.0 0.0 0.0 0.0 0.0 0.0 0.0 0.0 0.0 0.0 0.0 0.0 0.0 0.0 0.0 0.0 0.0 0.0 13432.869911949207
0.0 0.0 574.8624410099718 0.0 0.0 0.0 0.0 0.0 0.0 860.8496764166745 640.7771370006501 0.0 0.0 0.0 0.0 0.0 0.0 0.0 0.0 0.0 0.0 0.0 0.0 0.0 0.0 0.0 0.0 0.0 0.0 0.0 0.0 0.0 13726.413753253113
0.0 0.0 0.0 0.0 0.0 574.8624410099718 0.0 0.0 0.0 0.0 0.0 640.7771369990711 860.8496764154992 0.0 0.0 0.0 0.0 0.0 0.0 0.0 0.0 0.0 0.0 0.0 0.0 0.0 0.0 0.0 0.0 0.0 0.0 0.0 12769.437290456315
0.0 0.0 0.0 0.0 574.8624410099718 0.0 574.8624410099718 0.0 0.0 0.0 0.0 860.8496764154992 640.7771369990711 860.8496764154992 0.0 0.0 0.0 0.0 0.0 0.0 0.0 0.0 0.0 0.0 0.0 0.0 0.0 0.0 0.0 0.0 0.0 0.0 12542.966431748242
860.8496764166745 0.0 0.0 0.0 0.0 574.8624410099718 0.0 574.8624410099718 0.0 0.0 0.0 0.0 860.8496764154992 640.7771369990711 860.8496764154992 0.0 0.0 0.0 0.0 0.0 0.0 0.0 0.0 0.0 0.0 0.0 0.0 0.0 0.0 0.0 0.0 0.0 12434.031078765152
640.7771370006501 860.8496764166745 0.0 0.0 0.0 0.0 574.8624410099718 0.0 574.8624410099718 0.0 0.0 0.0 0.0 860.8496764154992 640.7771369990711 860.8496764154992 0.0 0.0 0.0 0.0 0.0 0.0 0.0 0.0 0.0 0.0 0.0 0.0 0.0 0.0 0.0 0.0 12458.306320204787
860.8496764166745 640.7771370006501 860.8496764166745 0.0 0.0 0.0 0.0 574.8624410099718 0.0 574.8624410099718 0.0 0.0 0.0 0.0 860.8496764154992 640.7771369990711 860.8496764154992 0.0 0.0 0.0 0.0 0.0 0.0 0.0 0.0 0.0 0.0 0.0 0.0 0.0 0.0 0.0 12612.08083483089
0.0 860.8496764166745 640.7771370006501 860.8496764166745 0.0 0.0 0.0 0.0 574.8624410099718 0.0 574.8624410099718 0.0 0.0 0.0 0.0 860.8496764154992 640.7771369990711 860.8496764154992 0.0 0.0 0.0 0.0 0.0 0.0 0.0 0.0 0.0 0.0 0.0 0.0 0.0 0.0 12874.647154624503
0.0 0.0 860.8496764166745 640.7771370006501 0.0 0.0 0.0 0.0 0.0 574.8624410099718 0.0 0.0 0.0 0.0 0.0 0.0 860.8496764154992 640.7771369990711 0.0 0.0 0.0 0.0 0.0 0.0 0.0 0.0 0.0 0.0 0.0 0.0 0.0 0.0 13219.496838274354
0.0 0.0 0.0 0.0 640.7771369990711 860.8496764154992 0.0 0.0 0.0 0.0 0.0 0.0 574.8624410099718 0.0 0.0 0.0 0.0 0.0 640.7771370006501 860.8496764166745 0.0 0.0 0.0 0.0 0.0 0.0 0.0 0.0 0.0 0.0 0.0 0.0 12229.343853156295
0.0 0.0 0.0 0.0 860.8496764154992 640.7771369990711 860.8496764154992 0.0 0.0 0.0 0.0 574.8624410099718 0.0 574.8624410099718 0.0 0.0 0.0 0.0 860.8496764166745 640.7771370006501 860.8496764166745 0.0 0.0 0.0 0.0 0.0 0.0 0.0 0.0 0.0 0.0 0.0 11940.842441527424
0.0 0.0 0.0 0.0 0.0 860.8496764154992 640.7771369990711 860.8496764154992 0.0 0.0 0.0 0.0 574.8624410099718 0.0 574.8624410099718 0.0 0.0 0.0 0.0 860.8496764166745 640.7771370006501 860.8496764166745 0.0 0.0 0.0 0.0 0.0 0.0 0.0 0.0 0.0 0.0 11795.74452588067
0.0 0.0 0.0 0.0 0.0 0.0 860.8496764154992 640.7771369990711 860.8496764154992 0.0 0.0 0.0 0.0 574.8624410099718 0.0 574.8624410099718 0.0 0.0 0.0 0.0 860.8496764166745 640.7771370006501 860.8496764166745 0.0 0.0 0.0 0.0 0.0 0.0 0.0 0.0 0.0 11828.513350729094
0.0 0.0 0.0 0.0 0.0 0.0 0.0 860.8496764154992 640.7771369990711 860.8496764154992 0.0 0.0 0.0 0.0 574.8624410099718 0.0 574.8624410099718 0.0 0.0 0.0 0.0 860.8496764166745 640.7771370006501 860.8496764166745 0.0 0.0 0.0 0.0 0.0 0.0 0.0 0.0 12030.555933119442
0.0 0.0 0.0 0.0 0.0 0.0 0.0 0.0 860.8496764154992 640.7771369990711 860.8496764154992 0.0 0.0 0.0 0.0 574.8624410099718 0.0 574.8624410099718 0.0 0.0 0.0 0.0 860.8496764166745 640.7771370006501 860.8496764166745 0.0 0.0 0.0 0.0 0.0 0.0 0.0 12358.768189845388
0.0 0.0 0.0 0.0 0.0 0.0 0.0 0.0 0.0 860.8496764154992 640.7771369990711 0.0 0.0 0.0 0.0 0.0 574.8624410099718 0.0 0.0 0.0 0.0 0.0 0.0 860.8496764166745 640.7771370006501 0.0 0.0 0.0 0.0 0.0 0.0 0.0 12768.637029567852
0.0 0.0 0.0 0.0 0.0 0.0 0.0 0.0 0.0 0.0 0.0 640.7771370006501 860.8496764166745 0.0 0.0 0.0 0.0 0.0 0.0 574.8624410099718 0.0 0.0 0.0 0.0 0.0 860.8496764166745 0.0 0.0 0.0 0.0 0.0 0.0 11758.225185816462
0.0 0.0 0.0 0.0 0.0 0.0 0.0 0.0 0.0 0.0 0.0 860.8496764166745 640.7771370006501 860.8496764166745 0.0 0.0 0.0 0.0 574.8624410099718 0.0 574.8624410099718 0.0 0.0 0.0 0.0 640.7771370006501 860.8496764166745 0.0 0.0 0.0 0.0 0.0 11374.136518424462
0.0 0.0 0.0 0.0 0.0 0.0 0.0 0.0 0.0 0.0 0.0 0.0 860.8496764166745 640.7771370006501 860.8496764166745 0.0 0.0 0.0 0.0 574.8624410099718 0.0 574.8624410099718 0.0 0.0 0.0 860.8496764166745 640.7771370006501 860.8496764166745 0.0 0.0 0.0 0.0 11160.20696027216
0.0 0.0 0.0 0.0 0.0 0.0 0.0 0.0 0.0 0.0 0.0 0.0 0.0 860.8496764166745 640.7771370006501 860.8496764166745 0.0 0.0 0.0 0.0 574.8624410099718 0.0 574.8624410099718 0.0 0.0 0.0 860.8496764166745 640.7771370006501 860.8496764166745 0.0 0.0 0.0 11210.306928935017
0.0 0.0 0.0 0.0 0.0 0.0 0.0 0.0 0.0 0.0 0.0 0.0 0.0 0.0 860.8496764166745 640.7771370006501 860.8496764166745 0.0 0.0 0.0 0.0 574.8624410099718 0.0 574.8624410099718 0.0 0.0 0.0 860.8496764166745 640.7771370006501 860.8496764166745 0.0 0.0 11498.178622848473
0.0 0.0 0.0 0.0 0.0 0.0 0.0 0.0 0.0 0.0 0.0 0.0 0.0 0.0 0.0 860.8496764166745 640.7771370006501 860.8496764166745 0.0 0.0 0.0 0.0 574.8624410099718 0.0 574.8624410099718 0.0 0.0 0.0 860.8496764166745 640.7771370006501 860.8496764166745 0.0 11919.679442474724
0.0 0.0 0.0 0.0 0.0 0.0 0.0 0.0 0.0 0.0 0.0 0.0 0.0 0.0 0.0 0.0 860.8496764166745 640.7771370006501 0.0 0.0 0.0 0.0 0.0 574.8624410099718 0.0 0.0 0.0 0.0 0.0 860.8496764166745 640.7771370006501 0.0 12405.562884218136
0.0 0.0 0.0 0.0 0.0 0.0 0.0 0.0 0.0 0.0 0.0 0.0 0.0 0.0 0.0 0.0 0.0 0.0 860.8496764166745 640.7771370006501 860.8496764166745 0.0 0.0 0.0 0.0 0.0 574.8624410099718 0.0 0.0 0.0 0.0 0.0 10911.495276074857
0.0 0.0 0.0 0.0 0.0 0.0 0.0 0.0 0.0 0.0 0.0 0.0 0.0 0.0 0.0 0.0 0.0 0.0 0.0 860.8496764166745 640.7771370006501 860.8496764166745 0.0 0.0 0.0 574.8624410099718 0.0 574.8624410099718 0.0 0.0 0.0 0.0 10537.264048399891
0.0 0.0 0.0 0.0 0.0 0.0 0.0 0.0 0.0 0.0 0.0 0.0 0.0 0.0 0.0 0.0 0.0 0.0 0.0 0.0 860.8496764166745 640.7771370006501 860.8496764166745 0.0 0.0 0.0 574.8624410099718 0.0 574.8624410099718 0.0 0.0 0.0 10638.290944058575
0.0 0.0 0.0 0.0 0.0 0.0 0.0 0.0 0.0 0.0 0.0 0.0 0.0 0.0 0.0 0.0 0.0 0.0 0.0 0.0 0.0 860.8496764166745 640.7771370006501 860.8496764166745 0.0 0.0 0.0 574.8624410099718 0.0 574.8624410099718 0.0 0.0 11089.54653549044
0.0 0.0 0.0 0.0 0.0 0.0 0.0 0.0 0.0 0.0 0.0 0.0 0.0 0.0 0.0 0.0 0.0 0.0 0.0 0.0 0.0 0.0 860.8496764166745 640.7771370006501 860.8496764166745 0.0 0.0 0.0 574.8624410099718 0.0 574.8624410099718 860.8496764154992 11621.031038845074
0.0 0.0 0.0 0.0 0.0 0.0 0.0 0.0 0.0 0.0 0.0 0.0 0.0 0.0 0.0 0.0 0.0 0.0 0.0 0.0 0.0 0.0 0.0 860.8496764166745 640.7771370006501 0.0 0.0 0.0 0.0 574.8624410099718 0.0 640.7771369990711 12174.696589634275
0.0 0.0 0.0 0.0 0.0 0.0 0.0 0.0 0.0 0.0 0.0 0.0 0.0 0.0 0.0 0.0 0.0 0.0 0.0 0.0 0.0 0.0 0.0 0.0 0.0 0.0 0.0 0.0 0.0 860.8496764154992 640.7771369990711 0.0 12119.685920746537
13092.615322463205 13216.203640391297 13432.869911949207 13726.413753253113 12769.437290456315 12542.966431748242 12434.031078765152 12458.306320204787 12612.08083483089 12874.647154624503 13219.496838274354 12229.343853156295 11940.842441527424 11795.74452588067 11828.513350729094 12030.555933119442 12358.768189845388 12768.637029567852 11758.225185816462 11374.136518424462 11160.20696027216 11210.306928935017 11498.178622848473 11919.679442474724 12405.562884218136 10911.495276074857 10537.264048399891 10638.290944058575 11089.54653549044 11621.031038845074 12174.696589634275 12119.685920746537 0.0
